# 1 color -----------------------------------------------------------------
pal_1 <- list(
  green = list(
    green = c("#009872", "#00A087", "#22908D", "#107F80"),
    kelly = c("#04A66F", "#1CAC78", "#2CA25F", "#31A354"),
    forest = c("#008F51", "#20854E", "#238B45"),
    sea = list(
      light = c("#00DFB7", "#B2E2E2", "#CCEBC5", "#BAE4B3", "#99D8C9"),
      medium = c("#66C2A4", "#6FC7CF"),
      dark = c("#76B7B2", "#00B7C3")
    )
  ),
  blue = list(
    blue = c("#0072B5", "#0280C2", "#0571B0", "#2B8CBE", "#3498DB", "#377EB8", "#5B9AD2"),
    faded = c("#B3CDE3", "#95BCE3", "#7AAAD4", "#74A9CF", "#80B1D3"),
    royal = c("#2A97FC", "#0073C2", "#1874CD", "#296BC0"),
    aqua = c("#03A9F4", "#66CCFE", "#1CC5FE", "#00AAE2", "#00A1D5", "#009ACD", "#54AAD5"),
    navy = c("#2151A1", "#08519C", "#185597", "#1B6393", "#36648B", "#104E8B", "#3C5488", "#003C67", "#374E55"),
    steel = "#4F6F80"
  ),
  teal = list(
    teal = c("#00C5CD", "#139AB2", "#4DBBD5", "#70AFC7", "#028798", "#00688B", "#005E7A")
  ),
  purple = list(
    purple = c("#8DA0CB", "#9E9AC8", "#A48AD3"),
    light = c("#ECE7F2", "#CBC9E2", "#BCBDDC", "#756BB1", "#6761A8"),
    medium = c("#7F579F", "#6A51A3", "#6A00A8", "#663399"),
    dark = c("#483D8B", "#5D478B", "#54278F", "#40007F", "#3B0F70"),
    plum = c("#CB80AC", "#C968B1", "#B12A90", "#8C2981", "#8B0A50", "#8B475D", "#8B3A62")
  ),
  magenta = list(
    magenta = c("#EE1E7A", "#DA3978", "#DE4968"),
    rich = "#FF0066",
    dark = "#C71585"
  ),
  maroon = list(
    maroon = c("#8B2323", "#B40F20", "#B24745", "#B22222", "#A50F15", "#9F1C1F"),
    light = c("#E16462", "#B5695B"),
    faded = "#8B3A3A"
  ),
  red = list(
    red = c("#CD0000", "#E5550D"),
    dark = c("#E70028", "#E41A1C", "#DE2D26", "#DC0000", "#D72420", "#CB272A", "#CA0020", "#C91C03", "#BD2623"),
    brick = c("#E74C3C", "#E64B35", "#D6604D", "#CD534C", "#BC3C29")
  ),
  pink = list(
    pink = c("#FBB4AE", "#FCAE91"),
    full = "#CD3278"
  ),
  peach = list(
    peach = c("#FEE0D2", "#FBA27D", "#FC9272", "#FB7D80", "#FB8072", "#F7614F")
  ),
  orange = list(
    light = c("#FDB462", "#FCA636"),
    dark = c("#D65B27", "#D75725"),
    faded = "#FC8D62",
    rich = "#FF7F00",
    burnt = "#BB5504"
  ),
  yellow = list(
    light = c("#FDDB6D", "#FCD351"),
    gold = c("#EFA83A", "#FFC125", "#FFCD00", "#FFD500"),
    mustard = c("#F1C40F", "#EFC000", "#E7B800")
  ),
  brown = list(
    brown = "#B69D71"
  ),
  grey = list(
    light = c("#E0E0E0", "#E5E3E6", "#ECECEC", "#EFEEF0", "#F0F0F0"),
    medium = c("#969696", "#B0B0B0", "#B7B7B7", "#BABABA", "#BDBDBD", "#BFBEC1", "#C3C2C4"),
    dark = c("#4D4D4D", "#525252", "#5D5D5D", "#606161", "#636363", "#727172", "#737373", "#868686", "#909090")
  ),
  black = list(
    black = "#1C2026",
    rich = "#000000",
    charcoal = c("#3B3B3B", "#333333", "#2A2D34")
  ),
  white = list(
    white = "#FFFFFF",
    off_white = "#F7F7F7"
  )
)

# 2 colors ----------------------------------------------------------------
pal_2 <- list(
  aqua_purple = c("#14B3EC", "#9981C8"),
  aqua_purple_faded = c("#56B9E0", "#A284BA"),
  aqua_purple_light = c("#56B9E0", "#C582B2"),
  aqua_magenta_light = c("#00A1D5", "#EE1E7A"),
  aqua_magenta_dark = c("#54AAD5", "#DA3978"),
  blue_red1 = c("#0072B5", "#BC3C29"),
  blue_red2 = c("#5B9AD2", "#D75725"),
  blue_red4 = c("#377EB8", "#E41A1C"),
  blue_red5 = c("#00A1D5", "#E41A1C"),
  blue_red_light = c("#2A97FC", "#FF3E42"),
  black_magenta_rich = c("#000100", "#EE1E7A"),
  black_magenta_faded = c("#333333", "#EE1E7A"),
  black_red_rich1 = c("#000100", "#BC3C29"),
  black_red_rich2 = c("#000100", "#BD2623"),
  black_red_faded1 = c("#2A2D34", "#BC3C29"),
  black_red_faded2 = c("#2A2D34", "#BD2623"),
  black_red_faded3 = c("#2A2D34", "#CB272A"),
  blue_yellow_light = c("#0073C2", "#FDDB6D"),
  blue_yellow_dark = c("#0073C2", "#EFC000"),
  navy_yellow_light = c("#003C67", "#FDDB6D"),
  navy_yellow_dark = c("#003C67", "#EFC000"),
  navy_green1 = c("#0072B5", "#20854E"),
  navy_green2 = c("#003C67", "#1CAC78"),
  navy_green_light = c("#2151A1", "#1CAC78"),
  navy_green_dark = c("#323665", "#01948E"),
  navy_light_blue = c("#323665", "#A9C4E2"),
  navy_orange1 = c("#323665", "#FDA963"),
  navy_pink1 = c("#323665", "#EC687D"),
  navy_purple1 = c("#4D5F8E", "#C582B2"),
  navy_red_dark1 = c("#003C67", "#BC3C29"),
  navy_red_dark2 = c("#003C67", "#D75725"),
  navy_red1 = c("#3C5488", "#BC3C29"),
  navy_red2 = c("#3C5488", "#D75725"),
  nejm_dark = c("#5D86C2", "#C8543B"),
  nejm_light = c("#D8DFF0", "#D7BFBF")
)

# 3 colors ----------------------------------------------------------------
pal_3 <- list(
  aqua_magenta_black_rich = c("#00A1D5", "#EE1E7A", "#333333"),
  aqua_magenta_black_faded = c("#54AAD5", "#DA3978", "#333333"),
  aqua_red_black_rich = c("#00AAE2", "#E70028", "#333333"),
  aqua_red_black_faded = c("#00A1D5", "#D75725", "#2A2D34"),
  aqua_red_black_rich = c("#00AAE2", "#CB272A", "#2A2D34"),
  aqua_red_black_faded = c("#00A1D5", "#BC3C29", "#2A2D34"),
  blue_red_black = c("#0072B5", "#BC3C29", "#2A2D34"),
  purple_red_black_light1 = c("#7AAAD4", "#EF4234", "#333333"),
  purple_red_black_rich1 = c("#4657A2", "#CB272A", "#000100"),
  purple_red_black_rich2 = c("#4657A2", "#BC3C29", "#000100"),
  purple_red_black_dark1 = c("#4657A2", "#BD2623", "#2A2D34"),
  purple_red_black_dark2 = c("#4657A2", "#BC3C29", "#2A2D34"),
  teal_red_black = c("#028798", "#EF4234", "#333333"),
  aqua_purple_grey = c("#56B9E0", "#A284BA", "#717375"),
  blue_orange_black1 = c("#3182BD", "#E98A15", "#000000"),
  blue_orange_black2 = c("#3AAAE1", "#E98A15", "#000000"),
  blue_yellow_grey = c("#0073C2", "#EFC000", "#868686"),
  black_navy_yellow = c("#323232", "#1B6393", "#FCD351"),
  blue_green_yellow = c("#0280C2", "#00DFB7", "#FFD500"),
  green_blue_grey = c("#1C9099", "#A6BDDB", "#ECE2F0"),
  green_blue_navy = c("#028A8A", "#67A9CF", "#0570B0"),
  green_blue_yellow = c("#00DFB7", "#0280C2", "#FFD500"),
  grey_maroon_green = c("#BDBDBD", "#9E3E4F", "#0D94A3"),
  navy_orange_green = c("#323665", "#FDA963", "#01948E"),
  navy_orange_teal = c("#323665", "#FDA963", "#01A7B3"),
  navy_teal_green = c("#3C5488", "#4DBBD5", "#00A087"),
  navy_teal_yellow = c("#003C67", "#00C5CD", "#FFCD00"),
  navy_green_yellow = c("#440154", "#22908D", "#FDE725"),
  orange_blue_purple = c("#FEC299", "#9DE5F0", "#F2B7E0"),
  pastel_green_salmon_purple = c("#66C2A5", "#FC8D62", "#8DA0CB"),
  pastel_red_blue_green = c("#FBB4AE", "#B3CDE3", "#CCEBC5"),
  pastel_red_blue_orange = c("#FB8072", "#80B1D3", "#FDB462"),
  purple_navy_aqua = c("#9C27B0", "#3F51B5", "#03A9F4"),
  red_blue_green_dark = c("#BC3C29", "#0072B5", "#20854E"),
  red_blue_green_light = c("#F7614F", "#377EB8", "#76B7B2"),
  red_blue_grey = c("#D75725", "#5B9AD2", "#BDBDBD"),
  red_blue_purple1 = c("#D75725", "#5B9AD2", "#7F579F"),
  red_blue_purple2 = c("#D75725", "#5B9AD2", "#C6687C"),
  red_blue_purple3 = c("#D75725", "#5B9AD2", "#C968B1"),
  red_green_navy = c("#D75725", "#00A087", "#3C5488"),
  red_teal_navy = c("#D75725", "#4DBBD5", "#3C5488"),
  red_teal_green = c("#D75725", "#4DBBD5", "#00A087"),
  red_teal_purple = c("#D75725", "#6CB7DA", "#C6687C"),
  red_yellow_blue1 = c("#BC3C29", "#EFC000", "#0072B5"),
  red_yellow_blue2 = c("#BC3C29", "#E7B800", "#2E9FDF"),
  red_yellow_blue3 = c("#E74C3C", "#F1C40F", "#3498DB"),
  red_yellow_teal_dark = c("#B40F20", "#FFC125", "#00B7C3"),
  red_yellow_teal_light = c("#CC333F", "#EDC951", "#00A0B0"),
  nejm_dark = c("#5D86C2", "#C8543B", "#7D5FA7"),
  nejm_light = c("#D8DFF0", "#D7BFBF", "#E4DBEC"),
  viridis = c("#440154", "#22908D", "#FDE725")
)

# 4 colors ----------------------------------------------------------------
pal_4 <- list(
  aqua_red_black_grey1 = c("#00A1D5", "#BC3C29", "#2A2D34", "#B3B3B3"),
  aqua_red_black_grey2 = c("#00A1D5", "#D75725", "#333333", "#868686"),
  blue_red_black_grey1 = c("#0072B5", "#BC3C29", "#2A2D34", "#868686"),